384226 1 0.583420653695762 -0.652797891698252 0.483192770471091 268.629237716208 0.81172606190245 0.488350996495093 -0.320334363830341 -59.0591318969307 -0.0268540736118345 0.579109848661347 0.814807119454588 -1383.31035780366 0 0 0 1
390164 1 0.578995362358438 -0.675227245120804 0.456981988500632 274.022916090604 0.815274349503231 0.472872194625563 -0.334244854249228 -60.1043162123792 0.00959715632386308 0.566091913912021 0.82428626070918 -1382.25991578822 0 0 0 1
392555 1 0.576311773006167 -0.687633514752314 0.441616224434598 278.485082776243 0.817202110373561 0.480445809187798 -0.318359129341193 -61.2509662908762 0.00674174276342986 0.544363824866479 0.838822135545581 -1376.56207788099 0 0 0 1
395508 1 0.573159299858509 -0.692449334533405 0.438180711681779 275.67533818724 0.819415984488019 0.479897341018664 -0.313458109559711 -60.2871977058379 0.00677210094696962 0.5387137098566 0.84246167714698 -1380.02110823148 0 0 0 1
399008 1 0.574636243235471 -0.709930699695292 0.407175133806545 277.666723563329 0.81840823381464 0.499121227210482 -0.284755971618343 -61.1416843054034 -0.00107274630169204 0.496866583881485 0.867826276991723 -1373.80220428327 0 0 0 1
404820 1 0.629444440771097 -0.671527020511377 0.390961835356694 274.557695812973 0.772640248764676 0.48738617691059 -0.406794494241675 -61.60515130919 0.0826241004260977 0.558127382664202 0.82563132374516 -1377.63117718319 0 0 0 1
407914 1 0.614586227986649 -0.687650294395253 0.386549920433655 274.94110337998 0.788357905162566 0.518109289843771 -0.33174474697465 -61.5105191217671 0.0278492681561496 0.508625438211368 0.860537379703788 -1371.61434476184 0 0 0 1
414930 1 0.584510056617334 -0.698753698740348 0.412421219398182 275.800399806625 0.81091302168831 0.485716077994726 -0.326343320498148 -59.5448303656237 0.0277139850894012 0.525188689971618 0.850534405510065 -1377.69716690791 0 0 0 1
419976 1 0.580517366065429 -0.695568066954916 0.423302081177331 274.617377698228 0.808835766677753 0.432768696569949 -0.39811550812793 -54.9957451387208 0.093724544486858 0.573494829533581 0.813830074560397 -1381.28556431746 0 0 0 1
424461 1 0.528443140610773 -0.710747896303587 0.4643116141574 276.747392651229 0.841154558112232 0.512368246608388 -0.173025400547038 -55.6312049100433 -0.114921088179845 0.481991916703458 0.868606318031413 -1372.7002000679 0 0 0 1
427008 1 0.527424461269747 -0.71560912525803 0.457959624313929 279.554518813022 0.842341030767188 0.510767321543684 -0.171983519934793 -54.9556105099442 -0.110837834426643 0.476466497343233 0.872178107595624 -1369.14105712871 0 0 0 1
430336 1 0.525214485838528 -0.725439656502225 0.444844971466811 280.556576817301 0.846391375359643 0.499482722786557 -0.184766472484977 -59.0227412520987 -0.0881554512335213 0.47355497506801 0.876341430040914 -1367.99005760264 0 0 0 1
436180 1 0.500384300652809 -0.739502599287561 0.450279310325425 282.949013177015 0.865493586890775 0.441148771250799 -0.237294358708443 -61.7111266687469 -0.0231603694085505 0.508452227127438 0.86077867655862 -1369.36207884003 0 0 0 1
441008 1 0.579557491708548 -0.70097251358115 0.415632829560206 275.143514179967 0.814811745647395 0.489701860753907 -0.310280367940364 -60.021253620741 0.0139618394039965 0.51848782317224 0.854971019545441 -1377.80811706681 0 0 0 1
443914 1 0.571409076665414 -0.700938225750599 0.426822294152944 278.041012940971 0.82064017303381 0.483954625905797 -0.30387106882265 -57.7754297829056 0.00643222414244397 0.523902208189643 0.85175413280277 -1375.33521575567 0 0 0 1
446351 1 0.565301775853893 -0.703989966644056 0.429920956782682 279.384854432298 0.824868467816534 0.485658858236666 -0.289357018608954 -59.2421964942313 -0.00509048312435154 0.518202277378979 0.855242940164257 -1371.01592913889 0 0 0 1
452867 0 0 0 0 0 0 0 0 0 0 0 0 0 0 0 0 1
456351 0 0 0 0 0 0 0 0 0 0 0 0 0 0 0 0 1
460180 0 0 0 0 0 0 0 0 0 0 0 0 0 0 0 0 1
463680 0 0 0 0 0 0 0 0 0 0 0 0 0 0 0 0 1