2474502 1 0.0562240746869236 -0.820062874911944 0.569504815270914 181.856770689308 0.660828001007691 0.458150891017723 0.594478018217534 -66.7888790472719 -0.748428491246678 0.342920752143735 0.567679620243141 -1277.74265576918 0 0 0 1
2482018 1 0.105925229836663 -0.859747971160376 0.499613122095154 180.769848413527 0.71264101703436 0.416042194943028 0.564846592330359 -66.8474058850656 -0.693485851711686 0.296213298338554 0.656761033682048 -1274.80555010641 0 0 0 1
2489830 1 0.130736089030487 -0.882201353720805 0.452359200766597 184.110431000288 0.747006123721248 0.387645907494652 0.54010415803399 -63.0694557376028 -0.651835812262544 0.267303987803829 0.70968912345914 -1268.16726016517 0 0 0 1
2496408 1 0.0740564730788289 -0.87420105899983 0.479883472562561 184.790955776341 0.716454614668759 0.381366267319053 0.58416825938335 -56.4148308971309 -0.693691879666301 0.300553287446186 0.65456802357763 -1270.60710013251 0 0 0 1
2502846 1 0.0774455604106446 -0.882317897526236 0.4642384224486 181.198729333175 0.733829225972523 0.365653715953304 0.572531245538711 -60.3367866280128 -0.674905069088424 0.296331719048811 0.67578891675162 -1273.79437630367 0 0 0 1
2509471 1 0.033248609763189 -0.880757066343536 0.472399746014691 179.150359403136 0.743643416896964 0.337594569855301 0.577082641317536 -66.4356441620416 -0.667749203260194 0.332109765725346 0.666193744383143 -1278.44484961685 0 0 0 1
2521861 1 0.0202030595176112 -0.881761888023169 0.47126193270404 178.326286392207 0.727439629637196 0.336322495850304 0.598095948839585 -69.9603459876374 -0.685874202474061 0.330731237736687 0.648223284652542 -1281.68718220688 0 0 0 1
2533002 1 0.225971456114637 -0.833698275379648 0.503869116587266 171.7749980272 0.820710053516388 0.441573117289663 0.362557843859733 -79.9513478020757 -0.52475890566865 0.331602725736824 0.784007476498375 -1285.36208860681 0 0 0 1
2538846 1 0.231217658899325 -0.826006797799416 0.514053658874511 177.087804705626 0.834549336612319 0.439970556820038 0.331592089609213 -75.4983121211453 -0.500065794644119 0.35233319332788 0.79107238727333 -1278.78837784149 0 0 0 1
2554299 1 0.0789973537412123 -0.817635986483903 0.570290111880244 184.31612485612 0.750214957197382 0.425483893409925 0.506103719059703 -70.4843054688096 -0.65645787077254 0.387859317350025 0.647014848241952 -1276.42140334849 0 0 0 1
2561939 1 0.170578788865697 -0.774346580318018 0.609335909280674 183.380350370002 0.853627473887276 0.425011510124295 0.301140087146655 -78.1042374759475 -0.492161571655022 0.468777761643681 0.733501463921102 -1280.23998120675 0 0 0 1
2569049 1 0.0592996255354109 -0.876726826636799 0.477319207519169 185.704708766833 0.718879780058446 0.369264259388186 0.58894462266126 -63.5790367859601 -0.692600473746936 0.308210931334145 0.652158420609333 -1269.22074057999 0 0 0 1
2575939 1 0.0955437685754235 -0.888931014938523 0.447965443942694 180.410099375314 0.755796749213854 0.35764727753982 0.54850679006383 -67.9243578454664 -0.647798319050133 0.286164420480122 0.706022140082802 -1274.32113049746 0 0 0 1
2580127 1 0.0764315508890451 -0.897292948671417 0.43476842375367 185.134924565571 0.749212219310651 0.339401211617509 0.568759938803865 -64.7011602950424 -0.657905212370525 0.282262611440343 0.698203802423457 -1272.21156563332 0 0 0 1
2587361 1 0.0774312351764347 -0.794018021206862 0.602942605741039 184.911038288806 0.832810341024291 0.383987503541512 0.39872362985778 -74.3642940084016 -0.548116173545407 0.471263173951349 0.690999045712253 -1279.53080276989 0 0 0 1
2601971 1 0.14188943109812 -0.863436622117814 0.484091508837361 171.956437899667 0.768077283805719 0.404529174914814 0.496400476172584 -71.3190787981569 -0.624439489017375 0.301385710060249 0.72058446994589 -1280.41175499073 0 0 0 1
2607955 1 0.130062469328841 -0.872461979593048 0.47105609882122 176.926334318146 0.762028879144006 0.39191348005828 0.515476295768427 -66.9835222531275 -0.634346704431115 0.291914231090556 0.71581445938469 -1277.33834228407 0 0 0 1
2616658 1 0.064435802730194 -0.851730482665001 0.520003088669443 183.74608806267 0.722045435026786 0.399484023277614 0.564856534797031 -60.8591955628696 -0.68883845499761 0.339068872126558 0.640729180599205 -1267.59841428367 0 0 0 1
2624018 1 0.0610835076611942 -0.856829783705698 0.511968286954038 186.397841699109 0.718960097739029 0.393564925625476 0.572890065524355 -62.2884404147833 -0.692362031708044 0.33309063492128 0.640066751188381 -1272.4649364613 0 0 0 1
2632283 1 0.140863272942457 -0.881948878432143 0.449804084205807 178.698384291642 0.762334348559021 0.386503828309132 0.519096457038071 -69.4728267608369 -0.631667538617453 0.269779477601004 0.72678411796234 -1276.62474739053 0 0 0 1
2643189 1 0.0753565349688328 -0.863879145584403 0.498030334881176 184.642704789305 0.640394225521435 0.424765893037565 0.639897782486236 -58.1185230863963 -0.764340649551163 0.270715270970009 0.585232102252894 -1269.45204735871 0 0 0 1
2652439 1 0.0817531954348641 -0.885862385838901 0.456688349306174 177.940116176498 0.756797129623042 0.353340640842818 0.549916808365695 -68.3374395019631 -0.64851716988104 0.30066297557996 0.699304837309803 -1275.96181434553 0 0 0 1
2659893 1 0.0208829635824548 -0.865673976547879 0.500172438424788 190.035213761666 0.653423137323519 0.390465627871992 0.64851738377689 -57.0701203735854 -0.756704767688367 0.313281279010278 0.573805485142292 -1267.85651098684 0 0 0 1
2663502 1 0.0813439420442921 -0.848410574693759 0.523051297523007 183.818343341252 0.77528709522404 0.383656188419341 0.501734839398874 -66.6010311015599 -0.626349010593747 0.364701831412112 0.688969876767399 -1274.56082308986 0 0 0 1
2667721 1 0.117544006003147 -0.818563397439898 0.56226094566881 180.720657052776 0.817519522329578 0.40119272718703 0.413166100088394 -76.8759987475193 -0.563777648778977 0.411094101178655 0.716349358004433 -1279.89987424937 0 0 0 1
2671908 1 0.0687087560132668 -0.87800961499079 0.473685784915311 182.596119093015 0.722375853896267 0.371264507720573 0.583383056845705 -65.7144264564982 -0.688078652884064 0.302095649241636 0.659762067835464 -1273.5587736799 0 0 0 1
2675299 1 0.0752483395720543 -0.882939494840452 0.463417237317019 179.246545704969 0.727931141557665 0.366260251185589 0.579628917111652 -66.6895476929668 -0.681508577012942 0.293719724997076 0.670279630158516 -1271.98107829874 0 0 0 1
2679471 1 0.0160059455122983 -0.913547369492793 0.406417289741786 184.409518656275 0.584628667747561 0.33829780049711 0.737403498111131 -49.5230344923415 -0.811143101157848 0.225800358439969 0.539500757712547 -1266.11003507016 0 0 0 1
2687064 1 0.139290003375886 -0.799885993495385 0.583764243825749 178.948088592492 0.845339576409251 0.403082043473796 0.350607853285147 -75.4939331542224 -0.515751195360492 0.444642849530824 0.732320586113304 -1282.95907502879 0 0 0 1
2692252 1 0.11904563560439 -0.821268663410943 0.5579837982798 181.455664155506 0.830516235009857 0.390342538635758 0.397335482830876 -71.3378587561805 -0.544123993248415 0.41611354824206 0.728545533882958 -1279.51563575141 0 0 0 1

