129002 1 0.215514126583821 -0.882941720137273 0.417094210081903 287.060513219942 0.672262279011589 0.443948865260229 0.592429601937902 164.679116544111 -0.708249313067762 0.15271975600815 0.689245664958332 -1461.15632142132 0 0 0 1

143173 1 0.223965071097834 -0.876791947476162 0.425529702569753 293.683640465203 0.668610088714317 0.455899905511573 0.587465595098105 171.61879803452 -0.709084054395229 0.152941678412061 0.68833759653743 -1455.48064234357 0 0 0 1

148861 1 0.242114649556454 -0.872330062905095 0.424759647120757 294.634201717803 0.659691730327764 0.469026643394968 0.587214465696148 177.249688823536 -0.711468423338181 0.138037202005999 0.689027150013001 -1447.65826533041 0 0 0 1

157564 1 0.311411013616894 -0.813458460599516 0.4912316291498 292.669973134908 0.754018572917148 0.526130108815466 0.393246869401163 166.579398010298 -0.578341743516831 0.247936365781411 0.777205498069217 -1455.25484439878 0 0 0 1

162064 1 0.322565648091649 -0.804777643512402 0.498281393565763 287.105387065261 0.738682342022976 0.543188723695226 0.399117035509391 162.128167569079 -0.591861301534968 0.239330221562125 0.769689057212299 -1460.61153227371 0 0 0 1

169658 1 0.332352985566804 -0.794843169193948 0.507706440150756 284.717027344801 0.721660845383505 0.560898537794657 0.405707350857955 161.252429208546 -0.607245516430707 0.231553809481805 0.760023497063919 -1462.4101818109 0 0 0 1

182314 1 0.379446394454456 -0.791090134643291 0.479788320622308 285.477099133678 0.766900653907939 0.559019146798209 0.315215768242294 162.267655023801 -0.517574942178513 0.24834249008791 0.818805341241645 -1459.02185415267 0 0 0 1

188486 1 0.345675780826421 -0.806341068825406 0.479919092426573 286.253094235091 0.757609227610917 0.541597567524291 0.364280569191606 169.360875973724 -0.553657396580984 0.237668162733827 0.798108596391428 -1461.70017606902 0 0 0 1

193627 1 0.351379479361221 -0.800830778559899 0.484976829956839 285.133657578067 0.782978317044101 0.535365719779491 0.316746746035023 167.909850174361 -0.513300512879761 0.268428035413841 0.815149663117909 -1462.98344136754 0 0 0 1

199486 1 0.187005739734183 -0.866336815778509 0.46312997628444 295.729237597259 0.605561480867528 0.472881800056522 0.640061009642698 176.926370955271 -0.773514153843353 0.160758591689707 0.613051815919294 -1451.55514838663 0 0 0 1

205267 1 0.221738453748994 -0.835767116247303 0.502320003114223 289.95964276922 0.595430025164435 0.524002488740706 0.609002854612543 171.950662517028 -0.772201491361992 0.164057060784393 0.613832336672727 -1457.30665836144 0 0 0 1

213486 1 0.264016621943512 -0.828537834231274 0.493781612238536 292.676455011929 0.65176745600732 0.530629579227265 0.541877691863065 174.069334752759 -0.710981298366761 0.17876606751967 0.680109025433621 -1451.70105110462 0 0 0 1

219423 1 0.311493549651781 -0.816955339584201 0.485340851000818 291.007505297043 0.703311897052811 0.541667233937495 0.460379173228416 170.088855587781 -0.639002460080796 0.197940851779939 0.743300259119639 -1454.28578765338 0 0 0 1

227877 1 0.301526520662007 -0.825322178691591 0.477414975359205 285.69972717861 0.749936254005116 0.514502895968008 0.415791275725344 162.071547027676 -0.588793148963402 0.232658701535746 0.774075291127073 -1460.97499403374 0 0 0 1

231767 1 0.295489991583658 -0.831977257852384 0.469573750640215 286.91599782179 0.736334399983384 0.511505355422767 0.442915254619819 167.582910659542 -0.608684907218012 0.214886281065726 0.763758188129426 -1457.10058590932 0 0 0 1

237298 1 0.314219141507762 -0.781157274002465 0.539499438723677 289.166331147579 0.789722452098356 0.530468720149861 0.308125600355322 164.551886258868 -0.526882130805253 0.329235858034336 0.783580863741906 -1461.11033538729 0 0 0 1

241642 1 0.328007830835961 -0.778226721576095 0.535512868879182 287.712826437517 0.798393686642511 0.531381713786402 0.283197802574113 157.67376113175 -0.504953843474498 0.334658996709113 0.795628664567826 -1466.32982238469 0 0 0 1

249080 1 0.232338795488888 -0.849473292968631 0.473723346103825 288.707880247843 0.615370275491936 0.505560958465359 0.604754116411429 170.672179875263 -0.753218499608018 0.151007423024894 0.640202038453197 -1457.92867628978 0 0 0 1

263564 1 0.243290704645676 -0.829073045973307 0.50343571334735 297.386679187542 0.680873218422439 0.515636209233786 0.520125907989673 174.276386050153 -0.690812053649964 0.216234095756327 0.689943129804453 -1449.38113725173 0 0 0 1

270908 1 0.274874034611124 -0.837589053511856 0.472111048942635 292.886550207164 0.697383842725527 0.511708397370216 0.501807026620974 175.669481408276 -0.661891260708268 0.191308895501275 0.724776424492479 -1448.44457348676 0 0 0 1
